nv 0 0 0 0
0.000 254 225 212 0
0.200 254 216 199 102
0.400 253 205 185 204
0.600 252 195 171 255
0.800 252 184 158 255
1.000 252 173 144 255
1.200 252 161 131 255
1.400 252 149 118 255
1.600 252 138 106 255
1.800 252 127 95 255
2.000 251 115 83 255
2.200 250 104 73 255
2.400 247 91 64 255
2.600 244 77 56 255
2.800 240 64 47 255
3.000 233 53 41 255
3.200 222 43 37 255
3.400 212 33 33 255
3.600 202 24 29 255
3.800 191 21 27 255
4.000 181 19 24 255
4.200 170 16 22 255
4.400 156 13 20 255
4.600 138 8 18 255
4.800 121 4 15 255
5.000 103 0 13 255
200 103 0 13 255
